Distortion: !!opencv-matrix
  cols: 4
  data: [-0.1036, 0.0790, -0.0023, 0.0034]
  dt: d
  rows: 1
K: !!opencv-matrix
  cols: 3
  data: [738.3165, 0., 657.5385, 0., 736.3515, 357.2885, 0., 0., 1.0]
  dt: d
  rows: 3
TransformationFromCamToLiDAR: !!opencv-matrix
  cols: 4
  rows: 4
  data: [  9.99829348e-01,  -1.80760300e-02,  -3.82015367e-03,
        -7.39107770e-01,  -1.90128463e-03,  -3.06342390e-01,
         9.51919474e-01,   1.52249555e+00,  -1.83771922e-02,
        -9.51749760e-01,  -3.06324443e-01,   2.14338175e+00,
         0.00000000e+00,   0.00000000e+00,   0.00000000e+00,
         1.00000000e+00]
