K: !!opencv-matrix
   rows: 3
   cols: 3
   dt: d
   data: [ 2.1656678454050639e+03, 0., 6.9329430000000002e+02, 0.,
       2.1568110619366112e+03, 2.6158569999999997e+02, 0., 0., 1. ]
Distortion: !!opencv-matrix
   rows: 1
   cols: 4
   dt: d
   data: [ -1.4278225007366199e-01, 3.8384416320065801e-01,
       -9.2081935870324799e-03, 4.9805461160815998e-03 ]
TransformationFromCamToLiDAR: !!opencv-matrix
   rows: 4
   cols: 4
   dt: d
   data: [  9.99990476e-01,  -4.10691511e-03,   1.47867177e-03,
        -10.44424796e-01,  -1.71649130e-03,  -5.85276047e-02,
         9.98284340e-01,   1.08879064e+00,  -4.01329262e-03,
        -9.98277365e-01,  -5.85341238e-02,   -1.04700645e+00,
         0.00000000e+00,   0.00000000e+00,   0.00000000e+00,
         1.00000000e+00]



